# Header: Project1::Nb_rescan_EMSphInX cleaned-Dil::All data::Grain Size   2/18/2020
# 
# Column 1: Integer identifying grain. Negative value indicates an anti-grain
# Column 2-4: Average orientation (phi1, PHI, phi2) in degrees (360, 360, 360 for anti-grains)
# Column 5-6: Column 0: Average Position (x, y) in microns
# Column 7: Average Fit (degrees, 180 for anti-grains)
# Column 8: Area of anti-grain in square microns
# Column 9: Diameter of grain in microns
     1   80.776   57.664  141.01 7.327995e+01 5.988039e+01  0.00 1.890900e+04 1.551634e+02 
     2  292.563  123.968   62.40 2.627855e+02 1.092984e+02  0.00 4.375125e+04 2.360208e+02 
     3  354.146  159.209  333.57 3.286539e+02 7.047533e+00  0.00 1.230750e+03 3.958585e+01 
     4    0.510   48.277   31.66 4.375934e+02 5.426122e+01  0.00 1.974375e+04 1.585513e+02 
     5  171.540  140.917  205.40 6.058527e+02 1.205538e+01  0.00 3.474000e+03 6.650740e+01 
     6  250.895   69.570  153.22 6.506027e+02 1.282303e+02  0.00 6.588675e+04 2.896371e+02 
     7  117.089   63.618  295.41 8.653003e+02 2.889198e+01  0.00 1.048950e+04 1.155666e+02 
     8  282.280   77.790  184.10 1.016884e+03 7.710500e+01  0.00 2.152350e+04 1.655433e+02 
     9  340.027   51.501   48.81 1.033584e+03 8.808413e+00  0.00 7.222500e+02 3.032486e+01 
    10  343.498  121.996   48.00 1.103666e+03 1.544748e+01  0.00 3.190500e+03 6.373595e+01 
    11  100.904   55.258  159.47 1.224379e+03 2.640021e+01  0.00 7.371000e+03 9.687646e+01 
    12   69.648   55.193  316.89 1.364474e+03 2.226290e+01  0.00 7.258500e+03 9.613433e+01 
    13  175.271   58.001  313.37 1.290139e+02 1.802010e+02  0.00 7.276500e+03 9.625346e+01 
    14   80.931   57.380  230.81 1.476000e+03 6.149999e+01  0.00 1.867500e+02 1.542004e+01 
    15  349.785  132.269  326.87 4.465225e+02 1.684019e+02  0.00 9.533250e+03 1.101731e+02 
    16  154.791  168.953  323.09 4.557982e+01 2.007702e+02  0.00 1.347750e+04 1.309965e+02 
    17   91.712   66.281  159.64 1.149979e+02 2.687631e+02  0.00 2.493000e+03 5.633992e+01 
    18  140.865   58.339  121.47 3.844301e+02 3.662095e+02  0.00 1.299893e+05 4.068261e+02 
    19   89.669   58.018    4.51 8.592470e+02 1.334452e+02  0.00 5.663250e+03 8.491569e+01 
    20   52.130   57.818  149.33 9.216564e+02 1.584180e+02  0.00 8.869500e+03 1.062685e+02 
    21  184.013  101.024  303.49 1.145561e+03 1.026199e+02  0.00 1.044900e+04 1.153433e+02 
    22  120.323  106.949  338.27 7.825825e+02 2.169710e+02  0.00 1.488150e+04 1.376507e+02 
    23   14.405   79.659   22.83 1.209616e+03 1.350931e+02  0.00 7.436250e+03 9.730431e+01 
    24  149.598   16.759  132.97 2.094538e+01 3.504876e+02  0.00 5.620500e+03 8.459458e+01 
    25  255.054  116.565  303.87 9.406784e+02 3.702898e+02  0.00 5.811750e+04 2.720248e+02 
    26  190.315  135.049  105.76 9.860786e+01 4.383503e+02  0.00 3.267675e+04 2.039738e+02 
    27   93.038   57.384  319.98 1.246775e+03 8.585791e+01  0.00 2.895750e+03 6.072054e+01 
    28    4.276   56.907  216.98 1.310363e+03 1.844221e+02  0.00 1.790325e+04 1.509805e+02 
    29    8.846   55.830  335.52 1.317982e+03 8.957438e+01  0.00 6.887250e+03 9.364358e+01 
    30   86.959   59.155  139.26 1.055834e+03 1.981643e+02  0.00 1.851075e+04 1.535207e+02 
    31   59.984   55.439   51.87 1.426749e+03 9.151431e+01  0.00 1.394100e+04 1.332300e+02 
    32   75.129  113.255  209.40 1.083818e+03 3.290792e+02  0.00 2.338650e+04 1.725590e+02 
    33  101.788   55.694  335.09 1.257520e+03 2.737209e+02  0.00 1.433475e+04 1.350984e+02 
    34  268.849  118.102  203.58 1.352153e+03 2.644328e+02  0.00 2.254500e+03 5.357722e+01 
    35   98.257   62.751   55.05 1.424361e+03 2.667164e+02  0.00 1.925550e+04 1.565786e+02 
    36  155.938  168.648  324.53 1.476000e+03 2.025000e+02  0.00 2.092500e+02 1.632254e+01 
    37  206.751  131.084   33.43 2.020624e+02 4.564105e+02  0.00 8.016750e+03 1.010309e+02 
    38   49.627  117.662   36.91 7.225070e+02 3.480918e+02  0.00 3.159000e+04 2.005533e+02 
    39   19.719   49.772  239.93 6.236962e+02 5.000898e+02  0.00 2.818800e+04 1.894468e+02 
    40  336.981   30.276   58.55 1.116849e+02 7.355105e+02  0.00 6.693300e+04 2.919276e+02 
    41   11.187   48.795  322.68 7.417331e+02 4.676738e+02  0.00 6.259500e+03 8.927398e+01 
    42  323.474  139.748  315.98 2.237639e+02 6.113071e+02  0.00 2.999025e+04 1.954092e+02 
    43    6.558  136.727   51.05 9.515654e+02 5.463641e+02  0.00 2.899125e+04 1.921271e+02 
    44  171.212   37.151  217.12 1.193219e+03 4.546188e+02  0.00 5.731875e+04 2.701490e+02 
    45   99.447   25.249  349.86 3.972861e+02 6.133295e+02  0.00 2.418525e+04 1.754811e+02 
    46  171.372   33.061   35.94 7.226009e+00 7.342807e+02  0.00 7.267500e+02 3.041919e+01 
    47  355.277  135.625  323.72 3.411848e+01 7.562127e+02  0.00 2.432250e+03 5.564923e+01 
    48   70.740   50.885  212.57 5.772549e+02 6.884029e+02  0.00 3.939525e+04 2.239634e+02 
    49  277.618  115.234  106.84 1.305863e+03 6.476053e+02  0.00 5.490675e+04 2.644039e+02 
    50  334.754  147.486   46.95 8.293259e+02 7.689492e+02  0.00 1.400243e+05 4.222374e+02 
    51  179.594  135.799  206.87 1.412382e+03 4.881570e+02  0.00 3.749400e+04 2.184922e+02 
    52   88.297   33.909  354.79 3.398988e+02 7.183665e+02  0.00 1.247175e+04 1.260140e+02 
    53  190.007  134.986  195.27 1.476000e+03 4.732501e+02  0.00 7.650000e+01 9.869287e+00 
    54   89.758   76.406  152.93 4.444892e+02 7.617164e+02  0.00 8.568000e+03 1.044467e+02 
    55  269.820  124.042  303.13 1.471691e+03 3.772596e+02  0.00 1.777500e+02 1.504388e+01 
    56  149.357   16.787  223.26 1.476001e+03 3.600001e+02  0.00 2.632500e+02 1.830793e+01 
    57  121.580   64.813  196.83 1.476000e+03 6.225000e+02  0.00 2.587500e+02 1.815078e+01 
    58  203.669  150.128  128.90 8.596112e+01 9.499562e+02  0.00 2.358450e+04 1.732880e+02 
    59  169.946   57.266  309.55 1.148753e+01 1.165203e+03  0.00 3.694500e+03 6.858559e+01 
    60  335.502  139.855   71.28 2.118979e+01 1.054024e+03  0.00 3.663000e+03 6.829258e+01 
    61  198.204  148.208  318.27 5.325386e+01 1.291170e+03  0.00 1.684575e+04 1.464537e+02 
    62  179.799  144.725  306.07 2.596428e+02 1.209253e+03  0.00 1.289160e+05 4.051431e+02 
    63  264.693  161.784  179.18 2.467175e+02 9.281545e+02  0.00 1.392975e+04 1.331762e+02 
    64   56.314   51.287  136.23 3.385433e+02 8.185880e+02  0.00 1.434150e+04 1.351302e+02 
    65  297.418   24.194  165.12 4.273855e+02 9.823792e+02  0.00 7.555050e+04 3.101514e+02 
    66   82.219   54.970  134.97 6.036867e+02 8.659717e+02  0.00 1.501425e+04 1.382633e+02 
    67  348.346   11.938  348.70 1.025900e+03 7.319084e+02  0.00 1.243575e+04 1.258320e+02 
    68  336.481  130.912  330.92 1.127793e+03 7.198578e+02  0.00 2.316375e+04 1.717353e+02 
    69  253.707  118.308  114.76 7.000074e+02 1.100066e+03  0.00 8.327700e+04 3.256249e+02 
    70  111.203   57.537  119.35 5.622956e+02 1.255786e+03  0.00 3.004425e+04 1.955851e+02 
    71  178.853  129.014   94.44 1.386976e+03 8.146296e+02  0.00 2.611125e+04 1.823345e+02 
    72  270.757  133.347  224.94 9.461028e+02 1.081798e+03  0.00 1.275975e+04 1.274607e+02 
    73  351.853  147.364  324.28 1.476000e+03 7.402502e+02  0.00 9.450000e+01 1.096910e+01 
    74  270.944  118.277  310.74 1.071925e+03 1.058155e+03  0.00 3.834000e+04 2.209434e+02 
    75  285.120  117.159   88.68 8.271724e+02 1.285967e+03  0.00 5.695650e+04 2.692940e+02 
    76  281.435   92.872  206.38 5.357604e+02 1.392708e+03  0.00 2.369025e+04 1.736760e+02 
    77  151.925   58.959  304.09 1.053163e+03 8.932680e+02  0.00 9.542250e+03 1.102251e+02 
    78  251.466  138.374  147.50 9.655465e+02 9.595607e+02  0.00 4.396500e+03 7.481843e+01 
    79  270.078   92.458  243.88 1.200611e+03 1.169956e+03  0.00 5.080950e+04 2.543475e+02 
    80  297.935   25.933  254.57 1.105534e+03 8.273209e+02  0.00 3.575250e+03 6.746962e+01 
    81   42.848   52.021  147.15 1.189491e+03 9.439587e+02  0.00 2.257650e+04 1.695444e+02 
    82  246.525  141.122    8.27 1.219015e+03 8.310267e+02  0.00 1.072800e+04 1.168731e+02 
    83  335.597   29.966   59.57 1.476000e+03 8.280002e+02  0.00 1.552500e+02 1.405953e+01 
    84  230.264  118.041   80.75 1.332530e+03 9.677560e+02  0.00 2.319750e+04 1.718603e+02 
    85   86.221   56.248  327.55 6.805544e+02 1.340096e+03  0.00 7.492500e+02 3.088648e+01 
    86  177.513  126.966  356.40 1.414551e+03 1.115154e+03  0.00 2.291850e+04 1.708237e+02 
    87  226.843  130.405  224.68 1.476001e+03 1.170750e+03  0.00 2.655000e+02 1.838600e+01 
    88  175.839   48.532   35.13 1.423644e+03 9.227037e+02  0.00 3.305250e+03 6.487199e+01 
    89  192.943   90.481    3.55 1.452231e+03 9.657572e+02  0.00 5.188500e+03 8.127856e+01 
    90   96.406  153.824  275.17 9.916626e+02 1.270079e+03  0.00 1.439550e+04 1.353843e+02 
    91   26.431   29.272  229.51 1.476000e+03 9.472502e+02  0.00 1.530000e+02 1.395728e+01 
    92  298.886  123.207   63.34 1.476000e+03 1.282500e+02  0.00 1.350000e+01 4.145930e+00 
    93  298.941  123.112   63.40 1.090909e+00 1.288636e+02  0.00 2.475000e+01 5.613616e+00 
    94  322.493  134.962   62.53 9.484576e+02 1.347967e+03  0.00 9.607500e+02 3.497520e+01 
    95  221.135  135.199  212.41 1.110705e+03 1.358448e+03  0.00 2.660625e+04 1.840547e+02 
    96   28.527   40.519  326.35 1.297878e+03 1.281612e+03  0.00 2.467575e+04 1.772516e+02 
    97   77.830   60.226  279.14 1.434477e+03 1.298012e+03  0.00 1.525050e+04 1.393468e+02 
    98   64.336   51.972  147.09 1.298202e+03 1.404020e+03  0.00 1.959975e+04 1.579721e+02 
    99  198.053  148.820  318.22 1.476000e+03 1.314750e+03  0.00 1.665000e+02 1.456003e+01 
   100  332.631  129.549  241.84 1.672715e+02 1.403215e+03  0.00 1.940850e+04 1.571995e+02 
   101  161.370   40.379  124.09 9.095000e+02 8.590000e+02  0.00 6.750000e+00 2.931615e+00 
   102  183.748  135.375  135.52 5.969023e+02 7.810880e+02  0.00 4.036500e+03 7.168983e+01 
   103  149.787   47.286  130.27 1.469625e+03 8.831709e+02  0.00 3.690000e+02 2.167546e+01 
   104  122.409   25.647  141.05 1.476000e+03 5.175001e+02  0.00 5.625000e+01 8.462844e+00 
   105  148.489   54.217  221.90 1.180590e+03 6.413592e+02  0.00 5.265000e+02 2.589132e+01 
   106   87.830   55.379  224.60 6.818121e+01 3.007690e+02  0.00 4.945500e+03 7.935242e+01 
   107  122.437   25.793   51.03 2.734377e+00 5.216721e+02  0.00 2.160000e+02 1.658372e+01 
   108  319.025  140.447  321.77 9.000188e+02 1.411063e+03  0.00 1.534950e+04 1.397984e+02 
   109  335.167  139.775  250.98 1.476000e+03 1.040250e+03  0.00 1.260000e+02 1.266603e+01 
   110  197.201  152.355  223.05 3.337500e+02 8.790000e+02  0.00 4.500000e+00 2.393654e+00 
   111  311.619  111.160   15.28 1.476000e+03 8.880000e+02  0.00 2.475000e+01 5.613616e+00 
   112  131.311   68.691  164.52 2.029413e+00 8.895443e+02  0.00 7.650000e+01 9.869287e+00 
   113  207.672  166.175  311.80 1.399988e+03 8.893144e+02  0.00 5.265000e+02 2.589132e+01 
   114  149.786   71.315  187.60 1.423500e+03 1.253250e+03  0.00 4.500000e+00 2.393654e+00 
   115   75.249   43.371  129.25 1.476000e+03 1.411500e+03  0.00 1.237500e+02 1.255243e+01 
   116   75.609   43.427  129.37 3.600693e+01 1.413890e+03  0.00 5.854500e+03 8.633760e+01 
   117   43.250   45.508   44.37 1.231701e+03 1.391821e+03  0.00 1.266750e+03 4.016063e+01 
   118  211.056  115.867  109.46 1.476000e+03 7.747500e+02  0.00 4.500000e+00 2.393654e+00 
   119  231.606  134.997  319.72 1.430208e+03 1.422344e+03  0.00 5.307750e+03 8.220728e+01 
   120  184.963   43.351   51.56 2.004601e+02 9.345134e+02  0.00 1.037250e+03 3.634099e+01 
   121  151.838   40.654  235.00 9.097500e+02 7.867500e+02  0.00 1.350000e+01 4.145930e+00 
   122  278.510   55.333   39.65 9.142500e+02 7.860000e+02  0.00 4.500000e+00 2.393654e+00 
   123  182.934  154.748  198.99 1.350000e+02 5.545715e+02  0.00 1.575000e+01 4.478116e+00 
   124   23.168   31.296  225.13 6.833809e+02 1.430452e+03  0.00 4.072500e+03 7.200880e+01 
   125   72.033    6.071  255.82 7.510000e+02 1.163000e+03  0.00 6.750000e+00 2.931615e+00 
   126  108.144  168.332  137.57 1.083750e+03 5.550000e+02  0.00 4.500000e+00 2.393654e+00 
   127   27.370   60.859  333.92 6.435000e+02 1.391250e+03  0.00 4.500000e+00 2.393654e+00 
   128   39.400  139.947  333.38 7.492500e+02 1.164000e+03  0.00 4.500000e+00 2.393654e+00 
   129   97.420   94.921  218.88 1.083600e+03 5.583000e+02  0.00 1.125000e+01 3.784699e+00 
   130  160.604   47.153  120.95 7.537500e+02 1.165500e+03  0.00 4.500000e+00 2.393654e+00 
   131   93.947   11.314   73.69 8.949465e+02 8.136440e+01  0.00 1.352250e+03 4.149383e+01 
   132  183.658  135.479  129.50 3.280152e+02 1.425235e+03  0.00 5.854500e+03 8.633760e+01 
   133  198.877   89.826  301.67 1.081000e+03 5.605000e+02  0.00 6.750000e+00 2.931615e+00 
   134  285.331   11.946   47.35 1.084875e+03 5.613750e+02  0.00 9.000000e+00 3.385138e+00 
   135  203.718  128.720   80.55 1.080900e+03 5.643000e+02  0.00 1.125000e+01 3.784699e+00 
   136   17.091   40.117  350.40 1.083750e+03 5.625000e+02  0.00 4.500000e+00 2.393654e+00 
   137  272.929   11.494  326.71 1.084800e+03 5.659501e+02  0.00 2.250000e+01 5.352372e+00 
   138   92.487  152.845  273.92 1.324897e+03 4.562586e+02  0.00 1.957500e+02 1.578723e+01 
   139  100.400   43.831  169.99 1.335719e+03 3.389924e+02  0.00 4.320000e+02 2.345292e+01 
   140   58.886   79.168  275.06 1.087500e+03 5.707500e+02  0.00 4.500000e+00 2.393654e+00 
   141  336.052  161.051  220.38 1.028695e+03 1.433053e+03  0.00 3.849750e+03 7.001181e+01 
   142  260.551  121.128   31.06 1.077530e+03 9.367944e+02  0.00 1.530000e+02 1.395728e+01 
   143  158.935  156.530  182.56 2.527500e+02 1.058250e+03  0.00 9.000000e+00 3.385138e+00 
   144   16.964   28.617   47.82 2.985001e+02 1.062000e+03  0.00 1.575000e+01 4.478116e+00 
   145  286.489   66.466   31.62 1.013063e+03 1.314000e+03  0.00 1.800000e+01 4.787307e+00 
   146  233.125   98.371  190.23 1.019250e+03 1.314000e+03  0.00 4.500000e+00 2.393654e+00 
   147  166.215   55.322  296.56 1.079250e+03 1.423500e+03  0.00 1.800000e+01 4.787307e+00 
   148   65.346   89.610  180.55 1.081500e+03 1.422750e+03  0.00 4.500000e+00 2.393654e+00 
   149   35.984  138.654   56.79 6.712500e+02 1.077000e+03  0.00 4.500000e+00 2.393654e+00 
   150  109.143   49.058    5.37 8.745000e+02 1.428750e+03  0.00 4.500000e+00 2.393654e+00 
   151  311.419  134.984   43.17 1.211944e+03 1.442740e+03  0.00 1.127250e+03 3.788482e+01 
   152  257.150   13.635  239.07 8.775000e+02 1.431750e+03  0.00 9.000000e+00 3.385138e+00 
   153  358.999  147.519  337.35 4.192500e+02 1.432500e+03  0.00 4.500000e+00 2.393654e+00 
   154  238.285  135.510  316.79 4.145915e+02 1.445875e+03  0.00 1.021500e+03 3.606403e+01 
   155  210.188   68.879   46.44 8.778750e+02 1.435500e+03  0.00 9.000000e+00 3.385138e+00 
   156  207.770  136.587  122.89 8.812001e+02 1.443567e+03  0.00 1.012500e+02 1.135410e+01 
   157  292.187  135.103  242.26 8.827500e+02 1.437000e+03  0.00 4.500000e+00 2.393654e+00 
   158  204.872  160.680  227.47 1.238100e+03 1.439400e+03  0.00 1.125000e+01 3.784699e+00 
   159  183.328  102.334  141.56 8.745001e+02 1.446200e+03  0.00 3.375000e+01 6.555291e+00 
   160   55.284  168.715    3.32 8.760000e+02 1.445250e+03  0.00 4.500000e+00 2.393654e+00 
   161  338.789   22.223  357.51 8.813079e+02 1.447962e+03  0.00 2.925000e+01 6.102643e+00 
   162  191.095   11.686  313.03 8.775000e+02 1.447875e+03  0.00 9.000000e+00 3.385138e+00 
   163  352.780   67.424  309.32 8.862000e+02 1.451400e+03  0.00 1.125000e+01 3.784699e+00 
   164  284.380  130.072   48.30 9.807858e+02 1.451572e+03  0.00 1.575000e+01 4.478116e+00 
   165  252.182   57.485  231.29 8.737500e+02 1.452000e+03  0.00 9.000000e+00 3.385138e+00 
  -169  360.000  360.000  360.00 3.060000e+02 1.451625e+03 180.00 9.000000e+00 3.385138e+00 
  -170  360.000  360.000  360.00 8.775000e+02 1.451250e+03 180.00 4.500000e+00 2.393654e+00 
